contigName	contigLen	totalAvgDepth	edges.bam	edges.bam-var
edge_1	473142	15.1883	15.1883	33.4867
edge_2	161252	15.7784	15.7784	16.5851
edge_3	50110	17.9182	17.9182	8.04152
edge_4	57959	13.8349	13.8349	9.52512
edge_5	369604	14.1125	14.1125	10.5999
edge_6	214782	15.7447	15.7447	12.116
edge_7	396917	15.5009	15.5009	11.6951
edge_8	230528	70.84	70.84	115.806
edge_9	84080	11.5292	11.5292	15.7668
edge_10	2.43523e+06	16.2913	16.2913	2058.31
edge_11	37465	3.5691	3.5691	5.25198
edge_12	39652	13.8287	13.8287	7.4021
edge_13	262411	16.0359	16.0359	16.7146
edge_14	27710	5.14358	5.14358	0.926145
edge_15	3.18919e+06	19.8417	19.8417	23.1667
edge_16	15193	3.62979	3.62979	2.63529
edge_17	5099	0.0307133	0.0307133	0.0297767
edge_18	2207	7.99076	7.99076	0.00915584
edge_19	115764	3.81801	3.81801	4.07414
edge_20	8836	7.35574	7.35574	1.68434
edge_21	321377	5.52484	5.52484	4.7913
edge_22	1.34726e+06	8.092	8.092	11.6953
edge_23	17319	5.49997	5.49997	0.522149
edge_24	7034	2.50959	2.50959	0.703876
edge_25	432384	7.41171	7.41171	16.54
edge_26	313840	7.7614	7.7614	7.98776
edge_27	7137	5.15987	5.15987	0.730677
edge_28	8735	9.37239	9.37239	2.08087
edge_29	50547	5.72201	5.72201	11.2666
edge_30	4161	6.14311	6.14311	0.278286
edge_31	4425	4.97567	4.97567	0.226833
edge_32	4534	20.9626	20.9626	13.4703
edge_33	107737	60.254	60.254	210.671
edge_34	2408	17	17	0.763846
edge_35	518	1.70924	1.70924	0.206781
edge_36	7588	34.8594	34.8594	9.89503
edge_37	10096	5.59009	5.59009	2.51209
edge_38	1636	0	0	0
edge_39	1382	1.54627	1.54627	0.493386
edge_40	18543	96.6902	96.6902	64.9743
edge_41	23609	44.587	44.587	64.8156
edge_42	1381	3.2632	3.2632	2.277
edge_43	37234	63.7647	63.7647	446.902
edge_44	6346	57.6741	57.6741	18.784
edge_45	2.57342e+06	12.6081	12.6081	12.4606
edge_46	239872	15.0016	15.0016	27.3093
edge_47	167273	16.5599	16.5599	12.1259
edge_48	2.2985e+06	15.0867	15.0867	624.516
edge_49	16425	8.96836	8.96836	2.5243
edge_50	8269	0.584924	0.584924	0.242796
edge_51	279244	14.6945	14.6945	18.0027
edge_52	1370	0.99918	0.99918	0.000819672
edge_53	88577	12.1499	12.1499	7.65579
edge_54	3038	15.9692	15.9692	3.2692
edge_55	2468	10.6963	10.6963	0.496429
edge_56	6170	0	0	0
edge_57	2.19738e+06	14.4738	14.4738	20.8624
edge_58	38717	4.76622	4.76622	1.94245
edge_59	130660	16.0209	16.0209	88.6415
edge_60	13639	7.85455	7.85455	3.55105
edge_61	59915	9.28962	9.28962	7.18339
edge_62	22054	12.6112	12.6112	9.3864
edge_63	6581	15.9731	15.9731	11.4946
edge_64	757930	33.7168	33.7168	31.0157
edge_65	24742	28.4685	28.4685	16.1376
edge_66	720	16.107	16.107	0.144942
edge_67	206917	9.72064	9.72064	10.3614
edge_68	26089	11.9953	11.9953	18.5282
edge_69	58602	10.2907	10.2907	15.7831
edge_70	1832	13.17	13.17	0.175709
edge_71	7524	7.49905	7.49905	1.26293
edge_72	139893	8.88439	8.88439	18.1277
edge_73	8182	9.3008	9.3008	1.78158
edge_74	137116	23.4945	23.4945	72.4212
edge_75	2348	4.45359	4.45359	0.254331
edge_76	1186	0	0	0
edge_77	27043	27.8749	27.8749	41.0771
edge_78	44690	24.7037	24.7037	28.045
edge_79	397134	27.2977	27.2977	56.7754
edge_80	62481	27.2866	27.2866	48.4564
edge_81	61713	26.7645	26.7645	24.4018
edge_82	129772	35.3362	35.3362	47.3152
edge_83	119883	24.3253	24.3253	62.9874
edge_84	5974	7.21411	7.21411	1.37528
edge_85	11245	5.19522	5.19531	11.8547
edge_86	90477	23.344	23.344	311.978
edge_87	19718	6.23901	6.23901	12.1087
edge_88	49565	7.18355	7.18355	32.592
edge_89	57487	31.7884	31.7884	50.9027
edge_90	23705	24.3423	24.3423	18.2126
edge_91	92587	33.6831	33.6831	20.1773
edge_92	39822	18.1004	18.1004	50.743
edge_93	1022	28.4014	28.4014	0.481651
edge_94	19531	15.46	15.46	4.1787
edge_95	12643	17.2714	17.2714	8.14071
edge_96	1833	0.86631	0.86631	0.115886
edge_97	1833	0	0	0
edge_98	179648	25.7608	25.7608	45.7053
edge_99	284010	30.0027	30.0027	64.2022
edge_100	44923	27.2908	27.2908	28.9306
edge_101	5424	4.36936	4.36936	0.477637
edge_102	41354	8.12373	8.12373	1.89198
edge_103	37852	21.9405	21.9405	12.6512
edge_104	194748	32.2966	32.2966	25.3011
edge_105	53676	20.9488	20.9488	101.361
edge_106	316927	34.0527	34.0527	163.858
edge_107	16514	10.3799	10.3799	1.77131
edge_108	45034	7.57107	7.57107	11.0117
edge_109	4303	0	0	0
edge_110	4304	6.24145	6.24145	0.371009
edge_111	52113	30.1891	30.1891	14.7817
edge_112	144701	17.2362	17.2362	100.534
edge_113	14132	3.93706	3.93706	8.91989
edge_114	127971	8.3005	8.3005	6.53571
edge_115	392110	5.36775	5.36775	3.19721
edge_116	393362	8.8712	8.8712	10.515
edge_117	267752	6.52331	6.52331	7.4827
edge_118	13492	2.92805	2.92805	0.734263
edge_119	24318	8.69782	8.69782	5.5968
edge_120	6499	3.31422	3.31422	1.58947
edge_121	81614	6.18268	6.18269	6.04402
edge_122	21780	1.96523	1.96523	1.13234
edge_123	21612	1.6943	1.6943	0.257497
edge_124	10930	4.21058	4.21058	1.90153
edge_125	102092	6.31786	6.31786	5.8247
edge_126	345105	75.0865	75.0865	124.426
edge_127	72361	6.03445	6.03445	4.39887
edge_128	98819	5.15308	5.15308	5.09763
edge_129	123327	4.51621	4.51621	3.73916
edge_130	56280	2.86576	2.86576	1.14404
edge_131	5007	20.4118	20.4118	1.39138
edge_132	6286	7.3147	7.3147	0.976967
edge_133	6537	6.46783	6.46783	14.5549
edge_134	39274	34.5459	34.5459	40.6594
edge_135	398575	4.07006	4.07006	3.95713
edge_136	1405	4.27251	4.27251	1.51099
edge_137	5236	7.97188	7.97188	2.55124
edge_138	92054	9.00916	9.00916	17.3086
edge_139	188112	4.56012	4.56012	3.11871
edge_140	3.37308e+06	18.6702	18.6702	18.3786
edge_141	1.64127e+06	11.8085	11.8085	10.5962
edge_142	32208	26.164	26.164	11.708
edge_143	15284	1.04824	1.04824	0.731422
edge_144	15932	4.90489	4.90489	2.58357
edge_145	2.15963e+06	37.8135	37.8135	63.9897
edge_146	16737	2.20365	2.20365	0.484779
edge_147	9759	27.0332	27.0332	8.15047
edge_148	8607	0	0	0
edge_149	9093	0.374483	0.374483	0.234276
edge_150	9630	8.06171	8.06171	1.75903
edge_151	30684	24.6483	24.6483	27.0637
edge_152	897	7.62517	7.62517	0.317757
edge_153	2794	31.7205	31.7205	3.04599
edge_154	5557	9.11504	9.11504	6.4533
edge_155	47242	5.49777	5.49777	3.5256
edge_156	36958	6.81417	6.81417	8.75038
edge_157	8612	0	0	0
edge_158	783683	41.0141	41.0141	106.215
edge_159	7149	21.2793	21.2793	3.3575
edge_160	1760	0	0	0
edge_161	2058	2.85744	2.85744	0.73374
edge_162	1268	0	0	0
edge_163	903918	6.08762	6.08762	6.17019
edge_164	385049	8.52635	8.52635	9.30246
edge_165	618202	18.6108	18.6108	19.4562
edge_166	2.69174e+06	17.9849	17.9849	100.511
edge_167	505930	16.1969	16.1969	13.1374
edge_168	24671	11.3834	11.3834	15.1262
edge_169	25921	0.512514	0.512514	0.639229
edge_170	65901	7.77921	7.77921	24.4619
edge_171	19105	8.11902	8.11902	17.0904
edge_172	35613	11.2177	11.2177	27.6292
edge_173	32434	10.6091	10.6091	15.1959
edge_174	520420	7.15707	7.15707	7.32938
edge_175	6117	4.51047	4.51047	0.340446
edge_176	14020	5.73944	5.73944	3.89917
edge_177	32170	1.76493	1.76493	3.84712
edge_178	73206	5.92369	5.92369	4.65245
edge_179	149354	6.60262	6.60262	9.5133
edge_180	45386	6.8102	6.8102	5.63023
edge_181	24336	3.64967	3.64967	17.521
edge_182	16285	4.2952	4.2952	0.577405
edge_183	62597	6.43821	6.43821	13.5468
edge_184	51608	6.69093	6.69093	5.0517
edge_185	246097	10.5905	10.5905	12.2517
edge_186	78427	5.81321	5.81323	7.23859
edge_187	88199	7.36246	7.36246	11.6331
edge_188	409521	6.66545	6.66545	12.8092
edge_189	14989	4.0004	4.0004	0.539121
edge_190	2.27447e+06	31.06	31.06	115.17
edge_191	1.10177e+06	11.9711	11.9711	13.7058
edge_192	2.77313e+06	62.1963	62.1963	72.245
edge_193	25017	4.86098	4.86098	4.61683
edge_194	327197	7.10446	7.10446	5.23158
edge_195	105275	6.09493	6.09493	6.74289
edge_196	40778	6.54809	6.54809	1.48334
edge_197	18350	9.57231	9.57231	2.90128
edge_198	42344	6.78122	6.78122	2.44278
edge_199	12200	7.98299	7.98299	1.86662
edge_200	40888	6.15482	6.15482	3.71569
edge_201	283986	6.6577	6.6577	4.03413
edge_202	29589	4.3032	4.3032	2.45022
edge_203	6466	7.72973	7.72973	2.29512
edge_204	186256	8.02298	8.02298	7.39623
edge_205	27031	3.98069	3.98069	2.16574
edge_206	4854	7.21769	7.21769	0.482055
edge_207	3483	0.156316	0.156316	0.131922
edge_208	244637	30.6852	30.6852	35.4855
edge_209	60701	17.1196	17.1196	4.98131
edge_210	27859	7.00787	7.00787	18.6905
edge_211	397072	14.7024	14.7024	23.2844
edge_212	15627	3.22317	3.22317	0.632803
edge_213	5024	0	0	0
edge_214	7124	11.2105	11.2105	2.34532
edge_215	120762	12.1481	12.1481	28.2681
edge_216	5956	6.7947	6.7947	7.38746
edge_217	1401	0	0	0
edge_218	383229	14.8102	14.8102	13.0933
edge_219	148414	14.977	14.977	18.687
edge_220	65627	9.00052	9.00052	8.74541
edge_221	14241	0.773047	0.773047	0.847722
edge_222	67179	3.80956	3.80956	3.48601
edge_223	96395	9.87685	9.87685	8.48912
edge_224	918	25.8867	25.8867	0.113617
edge_225	103412	25.5338	25.5338	20.5211
edge_226	32232	6.55586	6.55586	4.14103
edge_227	28935	4.59006	4.59006	9.88938
edge_228	15904	0.493018	0.493018	0.263453
edge_229	4876	5.2774	5.2774	1.40936
edge_230	9379	4.17716	4.17727	0.880676
edge_231	1805	7.45015	7.45015	1.71322
edge_232	146644	6.17941	6.17941	8.33058
edge_233	3472	56.1839	56.1839	4.1869
edge_234	3561	46.5928	46.5928	6.10147
edge_235	5461	73.0731	73.0731	523.752
edge_236	2043	13.1083	13.1083	4.19284
edge_237	2896	0	0	0
edge_238	1556	0	0	0
edge_239	18070	32.2509	32.2509	5.02362
edge_240	23984	7.75082	7.75082	3.47272
edge_241	2740	24.3676	24.3676	1.14179
edge_242	46767	5.84268	5.84268	4.4066
edge_243	119991	4.16389	4.16389	3.79798
edge_244	256077	7.75593	7.75593	10.942
edge_245	67551	5.05209	5.05209	2.52438
edge_246	6417	9.84331	9.84331	1.86303
edge_247	9250	0	0	0
edge_248	135275	5.51426	5.51427	19.2409
edge_249	24823	6.88931	6.88931	3.77804
edge_250	24235	1.27914	1.27914	2.35325
edge_251	153913	7.78681	7.78681	5.12799
edge_252	211082	4.78663	4.78663	5.94315
edge_253	189356	9.35314	9.35314	11.3624
edge_254	61166	49.1152	49.1152	77.7619
edge_255	72835	6.11619	6.11619	3.63698
edge_256	91815	6.38752	6.38752	4.32291
edge_257	1.31406e+06	11.1274	11.1274	11.7265
edge_258	153718	11.9624	11.9624	11.9352
edge_259	202321	3.52752	3.52752	1.80156
edge_260	2.08688e+06	48.2521	48.2521	53.2051
edge_261	3.79956e+06	25.5046	25.5046	25.2541
edge_262	11800	29.3803	29.3803	21.7637
edge_263	2081	0	0	0
edge_264	27870	9.54214	9.54214	5.23159
edge_265	1424	23.0039	23.0039	9.98031
edge_266	8363	9.39036	9.39036	1.93907
edge_267	79108	2.77473	2.77473	0.743801
edge_268	10975	0.244804	0.244804	0.184896
edge_269	93051	5.47465	5.47466	4.45291
edge_270	88447	8.81262	8.81262	5.86303
edge_271	46717	6.50589	6.50589	8.62694
edge_272	16552	8.42586	8.42586	4.4453
edge_273	32237	10.6444	10.6444	4.76314
edge_274	10859	5.75684	5.75693	31.5877
edge_275	18710	0.236476	0.236476	0.180562
edge_276	17240	3.30901	3.30901	2.20842
edge_277	21537	5.94773	5.94773	16.9667
edge_278	207606	7.47408	7.47408	7.39063
edge_279	53859	6.0269	6.0269	6.93837
edge_280	126987	5.70426	5.70426	6.08487
edge_281	76885	8.13276	8.13276	3.33365
edge_282	8398	4.35548	4.35548	1.83551
edge_283	30102	5.07372	5.07372	3.18762
edge_284	32042	10.6957	10.6957	8.68639
edge_285	7886	0	0	0
edge_286	6398	4.83147	4.83163	1.45971
edge_287	14358	11.4336	11.4336	1.85705
edge_288	2095	5.11825	5.11825	0.275102
edge_289	5085	6.3923	6.3923	4.76958
edge_290	1147	5.73119	5.73119	1.52206
edge_291	1471	19.4073	19.4073	0.858245
edge_292	5.17821e+06	7.77135	7.77135	6.39396
edge_293	5191	2.92363	2.92363	1.038
edge_294	133396	8.00007	8.00007	5.75841
edge_295	15603	3.27677	3.27677	0.864197
edge_296	21988	34.2694	34.2694	72.3281
edge_297	65900	2.29977	2.29977	1.60075
edge_298	10975	0.604527	0.604527	0.239099
edge_299	38250	11.0032	11.0032	2.17106
edge_300	38950	1.47276	1.47276	2.82783
edge_301	22607	5.92541	5.92541	2.2647
edge_302	35082	6.01033	6.01033	5.26884
edge_303	2.79282e+06	16.2495	16.2495	16.4979
edge_304	620	0	0	0
edge_305	10410	10.0723	10.0723	0.538912
edge_306	9830	0	0	0
edge_307	8136	5.8307	5.8307	0.63158
edge_308	634	1.43802	1.43802	0.246667
edge_309	1493	0.238273	0.238273	0.181635
edge_310	47257	1.88728	1.88728	1.64015
edge_311	24648	11.4258	11.4258	1.60839
edge_312	6822	7.29616	7.29616	1.03297
edge_313	8926	0.545579	0.545579	0.247941
edge_314	596	3.87668	3.87668	12.1352
edge_315	1446	9.79784	9.79784	0.166051
edge_316	51036	16.6836	16.6836	30.2732
edge_317	4506	7.66322	7.66322	2.05536
edge_318	2884	0	0	0
edge_319	6847	6.18605	6.18605	3.20483
edge_320	6898	4.85107	4.85107	0.212148
edge_321	2206	0	0	0
edge_322	2677	3.20815	3.20815	0.289993
edge_323	3627	0.218292	0.218292	0.170693
edge_324	2384	6.77305	6.77305	0.379738
edge_325	9135	7.82905	7.82905	6.02458
edge_326	8683	0.182468	0.182468	0.149209
edge_327	2025	0	0	0
edge_328	3302	4.94765	4.94765	0.120082
edge_329	3621	0	0	0
edge_330	12715	5.47409	5.47409	1.20181
edge_331	6692	0	0	0
edge_332	18186	7.66046	7.66046	2.27267
edge_333	15119	0.629501	0.629501	0.233261
edge_334	9370	9.45586	9.45586	1.49258
edge_335	1.01663e+06	14.2334	14.2334	24.4643
edge_336	1.11344e+06	14.5136	14.5136	22.7927
edge_337	27142	6.19028	6.19028	2.59025
edge_338	14800	15.8805	15.8805	2.22183
edge_339	31563	1.48518	1.48518	1.42086
edge_340	1676	4.83945	4.83945	2.1493
edge_341	1753	0	0	0
edge_342	47766	6.68353	6.68353	2.96768
edge_343	10309	0.114086	0.114086	0.101081
edge_344	9916	13.5763	13.5763	1.9606
edge_345	6469	0	0	0
edge_346	7440	10.9392	10.9392	3.71031
edge_347	13260	4.61518	4.61526	1.45361
edge_348	2421	0	0	0
edge_349	5813	13.5986	13.5986	0.833773
edge_350	794	2.06211	2.06211	0.0583445
edge_351	1948	0	0	0
edge_352	4559	8.82899	8.82899	9.19198
edge_353	5622	0	0	0
edge_354	42776	8.73115	8.73115	39.0853
edge_355	5454	26.9934	26.9934	3.57905
edge_356	4812	15.9535	15.9535	4.16022
edge_357	46485	11.6638	11.6638	15.369
edge_358	17356	11.5622	11.5622	5.24001
edge_359	4180	10.4854	10.4854	5.44972
edge_360	3498	0	0	0
edge_361	3662	0	0	0
edge_362	3079	0.836122	0.836122	0.137068
edge_363	55124	38.2048	38.2048	36.6632
edge_364	97940	6.08216	6.08216	11.1603
edge_365	72684	16.4407	16.4407	14.4742
edge_366	134742	25.6182	25.6182	28.8637
edge_367	5770	44.0372	44.0374	4.98131
edge_368	448201	34.1897	34.1897	224.665
edge_369	148478	9.73486	9.73487	10.7635
edge_370	13550	26.2097	26.2097	3.06069
edge_371	2.11662e+06	42.3846	42.3846	127.101
edge_372	34137	6.29847	6.2985	7.39814
edge_373	12044	25.7154	25.7154	24.6443
edge_374	20984	8.82217	8.82217	1.03258
edge_375	27855	7.29341	7.29341	1.62633
edge_376	25220	4.30144	4.30144	1.11353
edge_377	17416	0.746959	0.746959	0.188991
edge_378	987	0	0	0
edge_379	9557	11.8763	11.8763	5.09119
edge_380	21909	15.8109	15.8109	19.5894
edge_381	614080	40.4335	40.4335	153.259
edge_382	70609	44.0402	44.0402	69.2877
edge_383	2.14806e+06	21.824	21.824	20.2841
edge_384	679325	41.0833	41.0833	168.502
edge_385	21544	4.83014	4.83014	3.09603
edge_386	12704	33.1748	33.1749	14.8381
edge_387	5955	25.1159	25.1159	4.29477
edge_388	4218	1.36357	1.36357	0.697634
edge_389	3076	32.5666	32.5666	2.57528
edge_390	3630	0	0	0
edge_391	1637	28.1782	28.1782	14.3428
edge_392	11534	1.51203	1.51203	0.844692
edge_393	22023	16.3201	16.3201	7.86803
edge_394	39655	13.0324	13.0324	19.4373
edge_395	21173	4.1701	4.1701	8.02276
edge_396	16951	2.31248	2.31248	3.20044
edge_397	11885	21.5444	21.5444	18.8097
edge_398	13987	14.3305	14.3305	30.7346
edge_399	8028	23.7668	23.7668	15.3198
edge_400	697	15.777	15.777	0.195585
edge_401	692	17.5461	17.5461	0.932242
edge_402	19652	10.804	10.804	7.21003
edge_403	66860	38.1257	38.1257	202.023
edge_404	2366	1.95397	1.95397	3.91117
edge_405	18168	10.8413	10.8413	1.73117
edge_406	209473	38.5312	38.5312	177.759
edge_407	27432	14.6042	14.6042	5.81293
edge_408	18444	5.67957	5.67957	2.96308
edge_409	4490	0	0	0
edge_410	1660	16.3821	16.3821	1.37744
edge_411	1733	13.9589	13.9589	3.84227
edge_412	7065	0	0	0
edge_413	4777	0	0	0
edge_414	9189	18.4749	18.4749	26.6043
edge_415	11856	29.2078	29.2078	4.22517
edge_416	2756	22.2276	22.2276	0.599642
edge_417	1595	0	0	0
edge_418	12879	31.1978	31.1978	38.3815
edge_419	5633	4.33996	4.33996	0.624616
edge_420	43895	16.7056	16.7056	81.5296
edge_421	13242	6.80324	6.80324	0.468923
edge_422	853	0	0	0
edge_423	1979	24.0957	24.0957	3.26819
edge_424	7893	0.85122	0.85122	2.86081
edge_425	649	29.9098	29.9098	0.090245
edge_426	5272	0	0	0
edge_427	14751	28.4726	28.4726	5.89634
edge_428	4106	33.022	33.022	1.46527
edge_429	2862	0	0	0
edge_430	814	0	0	0
edge_431	1831	18.2796	18.2802	2.00418
edge_432	854302	14.4099	14.4099	14.9117
edge_433	5107	9.7912	9.79141	1.40852
edge_434	10013	1.18331	1.18331	1.35016
edge_435	3904	0.383324	0.383324	0.471991
edge_436	250623	14.0288	14.0288	19.4049
edge_437	14434	6.78654	6.78654	7.84499
edge_438	118326	15.5131	15.5131	25.5656
edge_439	10051	7.56388	7.56388	2.02445
edge_440	3276	2.26552	2.26552	1.69976
edge_441	109044	6.18993	6.18993	5.80236
edge_442	2171	0	0	0
edge_443	13174	6.96537	6.96537	1.44191
edge_444	3951	0	0	0
edge_445	12767	3.92732	3.92732	1.41498
edge_446	8953	4.26264	4.26275	0.427772
edge_447	20526	8.53141	8.53141	7.75862
edge_448	4777	2.66717	2.66717	0.265773
edge_449	10301	4.01074	4.01074	12.0995
edge_450	49025	4.96424	4.96424	2.66894
edge_451	4927	28.287	28.287	6.74494
edge_452	5058	0.653015	0.653015	0.226633
edge_453	1886	4.33641	4.33641	0.622216
edge_454	1587	0	0	0
edge_455	14218	10.3347	10.3347	3.44191
edge_456	39268	23.6086	23.6086	10.9178
edge_457	131603	13.5089	13.5089	14.2127
edge_458	332909	42.1341	42.1341	144.689
edge_459	73203	6.28489	6.28489	3.34407
edge_460	64802	10.0965	10.0965	6.23072
edge_461	115470	13.551	13.551	57.5772
edge_462	157329	34.7766	34.7766	123.472
edge_463	34778	9.20368	9.20368	2.0262
edge_464	692018	19.3624	19.3624	33.3179
edge_465	77017	3.24187	3.24187	2.91414
edge_466	2.09446e+06	61.9786	61.9786	214.548
edge_467	10861	5.95901	5.95901	7.56381
edge_468	12982	2.47639	2.47639	1.63019
edge_469	6289	8.80811	8.80811	1.13642
edge_470	39043	3.63091	3.63091	3.27502
edge_471	19080	1.44089	1.44089	0.486543
edge_472	26905	7.69109	7.69109	3.33747
edge_473	382361	35.4549	35.4549	122.77
edge_474	52027	7.18692	7.18692	3.01291
edge_475	39537	13.2627	13.2627	37.4989
edge_476	4248	0	0	0
edge_477	2417	12.5046	12.5046	0.410715
edge_478	24759	14.7843	14.7843	13.8148
edge_479	37756	0.461097	0.461097	0.804317
edge_480	7927	21.6568	21.6568	1.92791
edge_481	18953	0.579801	0.579854	0.405747
edge_482	16052	5.77236	5.77236	1.797
edge_483	13089	12.2571	12.2571	3.38434
edge_484	23888	0.555733	0.555733	0.469953
edge_485	8499	7.26566	7.26566	9.02069
edge_486	11040	1.90579	1.90579	1.92045
edge_487	30327	10.832	10.832	14.6201
edge_488	3777	8.4643	8.4643	1.75453
edge_489	11500	7.82529	7.82529	2.56936
edge_490	138290	7.71949	7.71949	10.964
edge_491	11969	20.2623	20.2623	9.28696
edge_492	52981	10.515	10.515	16.0852
edge_493	636	4.9856	4.9856	0.0142251
edge_494	32405	2.53468	2.53468	2.6023
edge_495	17941	1.36755	1.36755	1.44241
edge_496	4992	18.4356	18.4356	5.95398
edge_497	19098	11.6372	11.6372	7.38185
edge_498	18056	4.48593	4.48593	8.21439
edge_499	5979	0.0130383	0.0130383	0.0128685
edge_500	3934	12.7836	12.7836	1.98301
edge_501	2208	18.5442	18.5442	1.0328
edge_502	24240	10.3572	10.3572	8.01057
edge_503	23548	10.6902	10.6902	9.821
edge_504	67228	9.74056	9.74056	4.18191
edge_505	10833	0	0	0
edge_506	64413	2.96016	2.96016	2.33222
edge_507	1.56077e+06	11.7244	11.7244	15.2888
edge_508	2.11138e+06	63.7469	63.7469	67.3405
edge_509	99640	15.2593	15.2593	16.6447
edge_510	45250	17.3576	17.3576	15.6913
edge_511	57081	11.8122	11.8122	14.9982
edge_512	1.66471e+06	12.7292	12.7292	30250.1
edge_513	3246	4.93605	4.93605	7.67332
edge_514	19052	6.83959	6.83959	1.85845
edge_515	30575	4.3954	4.3954	6.38147
edge_516	111786	7.82283	7.82283	4.95786
edge_517	106580	3.5145	3.5145	3.53954
edge_518	10433	9.69036	9.69036	1.65955
edge_519	50664	7.62222	7.62222	7.95451
edge_520	77159	4.29495	4.29495	3.406
edge_521	58383	19.0995	19.0995	21.4998
edge_522	12600	6.61679	6.61679	2.80269
edge_523	2600	0	0	0
edge_524	2407	15.7195	15.7195	8.96335
edge_525	865	15.7888	15.7888	0.463741
edge_526	1228	4.98609	4.98609	0.0137338
edge_527	679170	44.3737	44.3737	107.942
edge_528	4629	0.663541	0.663541	1.43287
edge_529	15138	15.2516	15.2516	3.3968
edge_530	15009	5.04509	5.04509	3.45008
edge_531	1343	22.2037	22.2037	0.763001
edge_532	38631	8.59723	8.59723	3.243
edge_533	266740	8.35885	8.35885	9.78774
edge_534	64577	8.02875	8.02875	7.22512
edge_535	10965	14.4144	14.4144	1.09852
edge_536	10541	9.88095	9.88095	3.8557
edge_537	73193	16.6427	16.6427	12.9202
edge_538	3593	8.31571	8.31571	6.53529
edge_539	37793	5.47523	5.47523	4.80906
edge_540	142600	12.9348	12.9348	49.4439
edge_541	26376	5.39381	5.39381	1.01972
edge_542	53027	7.41771	7.41771	11.762
edge_543	21307	2.09713	2.09713	0.434786
edge_544	16343	5.69437	5.69437	3.78388
edge_545	15419	3.1543	3.1543	2.43761
edge_546	6472	10.9674	10.9674	1.1478
edge_547	394547	17.8096	17.8096	24.639
edge_548	26157	12.7502	12.7502	4.20922
edge_549	22866	1.04279	1.04279	0.262855
edge_550	2381	16.7351	16.7351	2.12935
edge_551	730688	24.2857	24.2857	53.8944
edge_552	25752	13.4527	13.4527	3.26991
edge_553	2208	17.9655	17.9655	0.33863
edge_554	4638	0.947192	0.947192	0.0500298
edge_555	3.45611e+06	15.4783	15.4783	20.9918
edge_556	6063	0	0	0
edge_557	27267	3.38408	3.38408	0.690282
edge_558	9754	4.03946	4.03946	1.26016
edge_559	1001	0	0	0
edge_560	10664	1.78105	1.78105	0.171021
edge_561	38432	3.50572	3.50572	3.67648
edge_562	217575	7.32451	7.32451	9.97911
edge_563	124089	5.28801	5.28801	7.50975
edge_564	130366	9.52326	9.52326	6.98443
edge_565	668805	9.37903	9.37903	7.00244
edge_566	3186	3.7859	3.7859	0.636227
edge_567	31772	4.66153	4.66153	9.14331
edge_568	23644	11.8422	11.8422	31.592
edge_569	44582	3.97556	3.97556	1.84666
edge_570	6814	73.7421	73.7421	140.974
edge_571	1.16422e+06	64.0143	64.0143	78.4941
edge_572	3759	21.24	21.24	8.2523
edge_573	3980	0	0	0
edge_574	9975	4.66891	4.66891	2.52036
edge_575	4911	0.450956	0.450956	0.247643
edge_576	170185	8.38576	8.38576	5.32258
edge_577	5838	30.2776	30.2776	31.9413
edge_578	6494	3.43112	3.43112	10.7121
edge_579	9.2242e+06	35.2672	35.2672	35.1288
edge_580	20544	2.65608	2.65608	2.25741
edge_581	79931	20.8991	20.8991	97.0475
edge_582	59128	6.94271	6.94271	9.96727
edge_583	2557	7.6585	7.6585	0.247416
edge_584	46521	2.59494	2.59494	2.32717
edge_585	29597	4.60797	4.60797	5.34896
edge_586	253312	54.0507	54.0507	263.082
edge_587	32370	11.0254	11.0254	7.58946
edge_588	3.69557e+06	41.3924	41.3924	42.5728
edge_589	30825	8.48971	8.48971	7.1021
edge_590	3516	2.44355	2.44355	0.351496
edge_591	12319	0.408826	0.408826	0.241715
edge_592	65742	12.0929	12.0929	12.6344
edge_593	24806	3.35642	3.35642	1.32719
edge_594	2607	1.23321	1.23321	0.336056
edge_595	1242	0	0	0
edge_596	43160	8.11197	8.11197	7.08607
edge_597	1276	0	0	0
edge_598	5915	5.70772	5.70772	0.582684
edge_599	47734	2.66848	2.66848	1.63639
edge_600	5084	7.65667	7.65667	2.26361
edge_601	28133	2.66612	2.66612	0.96935
edge_602	1342	0.185403	0.185403	0.330826
edge_603	9098	10.8013	10.8013	2.39589
edge_604	25094	3.04927	3.04927	13.8489
edge_605	5449	36.2578	36.2578	5.63905
edge_606	13574	10.3329	10.3329	1.99269
edge_607	11665	26.1159	26.1159	4.61593
edge_608	4791	0	0	0
edge_609	6618	4.54344	4.54344	1.77867
edge_610	93571	7.86634	7.86634	21.4074
edge_611	1121	0	0	0
edge_612	58093	6.01836	6.01836	2.91231
edge_613	231098	8.23414	8.23414	13.4519
edge_614	88397	2.68226	2.68226	2.30865
edge_615	41127	31.1879	31.1879	298.849
edge_616	37327	59.7951	59.7951	275.814
edge_617	9669	4.60405	4.60405	1.54623
edge_618	23403	3.84247	3.84247	5.98508
edge_619	77629	7.6406	7.6406	4.39594
edge_620	5916	6.04474	6.04474	0.838592
edge_621	15856	7.94709	7.94709	2.51964
edge_622	9219	2.62862	2.62862	0.982386
edge_623	400103	5.00713	5.00713	7.38144
edge_624	28668	8.4999	8.4999	8.63619
edge_625	12039	34.9198	34.9198	9.14304
edge_626	7452	1.35511	1.35511	1.2042
edge_627	2.80616e+06	38.111	38.111	43.6993
edge_628	32658	328.217	328.217	3085.96
edge_629	33604	3.729	3.729	1.37613
edge_630	19523	0.831415	0.831415	0.95951
edge_631	6568	14.0343	14.0343	4.18458
edge_632	12466	0.220689	0.220689	0.213188
edge_633	1896	0.107102	0.107102	0.0956893
edge_634	2.2055e+06	8.95035	8.95035	5633.81
edge_635	171857	3.41548	3.41548	3.84932
edge_636	7491	11.2105	11.2105	4.20645
edge_637	19406	8.12708	8.12708	2.05796
edge_638	3037	0	0	0
edge_639	9858	10.0267	10.0267	9.34115
edge_640	11679	2.77101	2.77101	0.184728
edge_641	1679	0.576194	0.576194	0.244355
edge_642	120131	4.6931	4.6931	5.42616
edge_643	191086	7.66202	7.66202	15.9665
edge_644	127098	5.62553	5.62553	3.82814
edge_645	106427	42.1105	42.1105	24.1852
edge_646	4318	6.4249	6.42514	0.262689
edge_647	4941	32.6493	32.6493	31.8582
edge_648	13008	19.729	19.729	89.976
edge_649	9763	6.65016	6.65016	6.47193
edge_650	7443	21.9065	21.9065	2.65329
edge_651	143245	30.0841	30.0841	13.976
edge_652	97949	4.44589	4.44589	5.06148
edge_653	30281	6.60894	6.60894	3.10827
edge_654	3962	3.83631	3.83631	0.136933
edge_655	4111	0	0	0
edge_656	74267	8.25218	8.25218	13.4979
edge_657	30546	4.62206	4.62206	3.90833
edge_658	906208	88.9139	88.9139	101.928
edge_659	36851	13.8073	13.8073	11.5014
edge_660	42401	3.51883	3.51883	3.45057
edge_661	49767	15.995	15.995	15.1917
edge_662	216737	14.4	14.4	14.0809
edge_663	53794	4.31288	4.31288	2.34014
edge_664	706989	14.5604	14.5604	18.0615
edge_665	55368	10.7835	10.7835	7.13802
edge_666	18874	3.63784	3.63784	2.05387
edge_667	11736	3.40463	3.40463	0.784754
edge_668	194191	7.96229	7.96229	9.70611
edge_669	28491	8.44099	8.44099	7.88061
edge_670	33546	8.32267	8.32267	3.09489
edge_671	9707	2.59851	2.59851	0.977355
edge_672	17132	3.99311	3.99311	7.37922
edge_673	10206	2.41687	2.41687	0.874765
edge_674	132894	8.07395	8.07395	8.91318
edge_675	22359	10.6238	10.6238	2.4804
edge_676	10166	7.85883	7.85883	1.32954
edge_677	59866	11.7246	11.7246	4.40371
edge_678	42140	2.23725	2.23725	1.49967
edge_679	12636	2.70823	2.70823	0.236609
edge_680	24965	6.07391	6.07391	0.668902
edge_681	2.85669e+06	11.9558	11.9558	12.529
edge_682	6596	10.8602	10.8602	2.29469
edge_683	7753	7.33105	7.33105	4.51456
edge_684	975	0	0	0
edge_685	913550	39.609	39.609	178.879
edge_686	14913	9.19718	9.19718	5.1811
edge_687	28245	5.64061	5.64061	16.1585
edge_688	6809	1.02853	1.02868	0.826547
edge_689	96836	5.30773	5.30773	2.93876
edge_690	14314	10.8035	10.8035	4.87775
edge_691	3515	1.44577	1.44577	1.21679
edge_692	131776	13.2765	13.2765	24.255
edge_693	10193	3.61167	3.61167	1.61679
edge_694	31002	7.15633	7.15633	2.44521
edge_695	17523	4.80671	4.80677	0.271733
edge_696	6299	1.79964	1.79964	0.16513
edge_697	3378	0	0	0
edge_698	2208	4.72352	4.72352	0.208889
edge_699	6231	2.25144	2.25144	1.88438
edge_700	503	11.2946	11.2946	2.07772
edge_701	141913	83.365	83.365	502.5
edge_702	3071	51.5375	51.5375	56.8158
edge_703	1960	0	0	0
edge_704	106311	2.75796	2.75796	3.44178
edge_705	2197	0.878847	0.878847	0.106527
edge_706	4851	19.9275	19.9275	1.37755
edge_707	3059	23.1574	23.1574	0.722115
edge_708	3336	0.727872	0.727872	0.198138
edge_709	2.71591e+06	18.2783	18.2783	18.2377
edge_710	21006	5.34566	5.34566	10.9318
edge_711	9313	15.557	15.557	4.29022
edge_712	6458	23.7353	23.7353	1.60711
edge_713	12005	1.06251	1.06251	0.775155
edge_714	1182	0	0	0
edge_715	16614	7.8224	7.8224	5.31023
edge_716	15094	0	0	0
edge_717	1995	8.96098	8.96098	0.0418605
edge_718	9749	0	0	0
edge_719	155032	3.02978	3.02978	2.67107
edge_720	9255	0.441955	0.441955	0.246648
edge_721	3041	11.5022	11.5022	2.33382
edge_722	8262	16.1107	16.1108	6.77231
edge_723	2545	0	0	0
edge_724	26703	6.54491	6.54491	5.22147
edge_725	19926	0.930926	0.930926	1.25925
edge_726	16707	17.9549	17.9549	15.286
edge_727	2.27926e+06	400.267	400.267	1768.84
edge_728	1.05482e+06	75.4734	75.4734	107.355
edge_729	171860	3.7272	3.7272	2.53014
edge_730	598977	4.2235	4.2235	4.62436
edge_731	44037	14.9877	14.9877	13.5477
edge_732	11553	12.9673	12.9673	10.9446
edge_733	28977	0.127519	0.127519	0.145772
edge_734	141775	2.51922	2.51922	0.934112
edge_735	15339	2.19725	2.19725	2.46465
edge_736	37903	4.84375	4.84375	11.8621
edge_737	36088	0.046775	0.046775	0.044592
edge_738	36912	20.86	20.86	32.8962
edge_739	42277	4.71389	4.71389	2.80042
edge_740	55373	3.18708	3.18708	2.39124
edge_741	32994	19.036	19.036	4.89402
edge_742	8287	73.1591	73.1591	33.7302
edge_743	37572	74.8027	74.8027	703.414
edge_744	9140	68.5825	68.5825	638.097
edge_745	1460	13.0969	13.0969	4.91414
edge_746	7559	99.7279	99.7279	15.1123
edge_747	103417	98.221	98.221	195.202
edge_748	6643	78.069	78.069	38.5017
edge_749	1388	1.74717	1.74717	0.247272
edge_750	3952	46.2596	46.2596	2.25277
edge_751	685	0	0	0
edge_752	14432	4.83728	4.83728	10.6102
edge_753	1055	0	0	0
edge_754	7212	103.265	103.265	23.3128
edge_755	26375	77.8932	77.8932	203.005
edge_756	166912	89.7974	89.7974	570.235
edge_757	31530	12.5893	12.5893	43.399
edge_758	35696	53.0809	53.0809	28.7967
edge_759	1481	48.1322	48.1322	13.4201
edge_760	1455	54.5877	54.5877	43.0828
edge_761	54259	3.10477	3.10477	1.79488
edge_762	30905	9.02839	9.02839	9.39856
edge_763	115904	5.41443	5.41443	2.98697
edge_764	54971	3.67613	3.67613	3.27556
edge_765	83221	7.03262	7.03262	5.19246
edge_766	20256	0.102308	0.102308	0.152142
edge_767	56929	3.33423	3.33423	1.49043
edge_768	54951	4.01869	4.01869	4.69915
edge_769	561405	11.8824	11.8824	29.6264
edge_770	32013	3.43452	3.43452	3.54712
edge_771	17876	31.1972	31.1972	32.3299
edge_772	1212	0	0	0
edge_773	2101	0	0	0
edge_774	16697	6.17326	6.17326	5.50611
edge_775	9649	0.956943	0.956943	0.569094
edge_776	5458	41.1613	41.1613	15.8422
edge_777	30342	6.08048	6.08048	5.31911
edge_778	85559	4.69994	4.69994	3.04412
edge_779	191868	60.4095	60.4095	61.5129
edge_780	22694	80.1514	80.1514	949.725
edge_781	529960	62.0179	62.0179	60.3372
edge_782	12569	2.54127	2.54127	0.95359
edge_783	6139	6.55218	6.55218	0.39162
edge_784	6439	0	0	0
edge_785	6746	3.01213	3.01213	0.550854
edge_786	7929	0.246433	0.246433	0.185686
edge_787	7255	3.31105	3.31105	18.8128
edge_788	84572	12.0778	12.0778	12.3805
edge_789	8866	2.31161	2.31161	0.75198
edge_790	4486	8.0422	8.0422	4.23415
edge_791	14272	14.8318	14.8318	6.07762
edge_792	135829	8.73714	8.73714	6.61552
edge_793	14486	1.10038	1.10038	1.58716
edge_794	12143	5.62261	5.62261	1.47881
edge_795	2843	10.5503	10.5503	0.264645
edge_796	3528	0	0	0
edge_797	46371	5.73136	5.73136	5.4963
edge_798	8239	6.9937	6.9937	9.50858
edge_799	41488	0.680681	0.680681	0.884325
edge_800	46666	7.72734	7.72734	14.1551
edge_801	562834	7.66503	7.66503	21.198
edge_802	9734	0	0	0
edge_803	3721	10.667	10.667	0.625507
edge_804	4540	7.83713	7.83713	0.438507
edge_805	24009	5.01157	5.01157	6.17688
edge_806	46515	12.7625	12.7625	15.9538
edge_807	2061	13.6745	13.6745	0.763109
edge_808	5010	0.707202	0.707202	0.207125
edge_809	10324	1.65854	1.65854	0.236085
edge_810	2879	2.73397	2.73397	0.264973
edge_811	2877	0.196553	0.196553	0.157979
edge_812	25681	5.87478	5.87478	6.01839
edge_813	26255	8.69083	8.69083	4.03006
edge_814	29431	0.817219	0.817219	1.07766
edge_815	1576	1.26017	1.26017	0.199634
edge_816	4811	0	0	0
edge_817	22695	10.4521	10.4521	10.6827
edge_818	11825	3.96959	3.96959	0.95558
edge_819	1742	0	0	0
edge_820	1823	0	0	0
edge_821	2461	3.98832	3.98832	0.0115518
edge_822	32173	0.775443	0.775443	0.541201
edge_823	19586	13.2291	13.2291	3.98695
edge_824	8943	8.57409	8.57409	1.8276
edge_825	10972	1.97773	1.97773	3.34701
edge_826	6539	0	0	0
edge_827	2508	12.7252	12.7252	2.75425
edge_828	6178	6.4864	6.4864	1.51946
edge_829	5690	0	0	0
edge_830	91086	11.1976	11.1976	20.7864
edge_831	1534	0	0	0
edge_832	6636	3.28677	3.28677	0.741803
edge_833	1783	7.37355	7.37355	3.17901
edge_834	11481	5.38487	5.38487	3.10409
edge_835	4550	23.595	23.595	3.35686
edge_836	3019	0	0	0
edge_837	48839	1.07953	1.07953	0.860205
edge_838	6457	9.47994	9.47994	2.23323
edge_839	1954	2.53492	2.53492	0.293294
edge_840	5497	4.62241	4.62241	0.685897
edge_841	784	0	0	0
edge_842	13210	1.05306	1.05306	0.411574
edge_843	6271	5.74759	5.74759	0.964502
edge_844	55592	10.9475	10.9475	13.691
edge_845	32313	12.3979	12.3979	7.43089
edge_846	9768	10.6758	10.6758	4.50853
edge_847	15138	3.0894	3.0894	3.71907
edge_848	10303	4.45986	4.45996	4.81853
edge_849	15054	2.19807	2.19813	0.542547
edge_850	7850	20.1649	20.1649	2.58451
edge_851	5538	0.277654	0.27784	0.461664
edge_852	32147	8.32547	8.32547	8.91328
edge_853	20809	14.3866	14.3866	4.10391
edge_854	7532	0	0	0
edge_855	13679	3.50647	3.50647	0.401235
edge_856	1424	5.9741	5.9741	4.18532
edge_857	21690	1.652	1.652	1.37481
edge_858	17295	10.8601	10.8601	2.8349
edge_859	1052	0	0	0
edge_860	7180	15.7728	15.7728	0.981678
edge_861	9562	10.3463	10.3463	0.819377
edge_862	7427	0.218771	0.218771	0.17093
edge_863	5376	0	0	0
edge_864	2475	3.22882	3.22882	0.628352
edge_865	2205	5.3129	5.3129	0.218015
edge_866	1.90144e+06	23.266	23.266	1068
edge_867	1537	6.72603	6.72603	0.510747
edge_868	28668	6.35059	6.35059	12.7877
edge_869	17520	7.89695	7.89695	17.1269
edge_870	18628	0.246672	0.246672	0.466189
edge_871	10541	6.79319	6.79319	1.28537
edge_872	8080	12.6144	12.6144	8.73367
edge_873	12102	0	0	0
edge_874	1488	0	0	0
edge_875	2176	1.33416	1.33416	0.223596
edge_876	12925	4.10521	4.10521	2.00534
edge_877	4506	6.35032	6.35032	0.26301
edge_878	36818	9.96684	9.96684	5.79975
edge_879	2508	0	0	0
edge_880	29331	4.73959	4.73959	2.44999
edge_881	1.17144e+06	23.9286	23.9286	33.5756
edge_882	2999	0	0	0
edge_883	2476	2.5589	2.5589	1.63245
edge_884	1998	11.1136	11.1136	9.80947
edge_885	7083	11.4683	11.4683	4.28713
edge_886	6184	0.430229	0.430229	0.24516
edge_887	12298	4.85224	4.85224	2.53833
edge_888	92350	3.57116	3.57116	4.86562
edge_889	42837	5.21405	5.21405	3.68426
edge_890	247895	8.49002	8.49002	7.51984
edge_891	32916	7.49304	7.49304	3.88411
edge_892	23949	7.5188	7.5188	26.8201
edge_893	17275	16.9333	16.9333	3.18757
edge_894	14321	4.30675	4.30675	3.52512
edge_895	7390	108.999	108.999	96.7996
edge_896	2010	4.45591	4.45591	2.28584
edge_897	13651	0	0	0
edge_898	24932	9.45533	9.45533	2.70494
edge_899	578	0	0	0
edge_900	13843	7.27211	7.27211	2.99037
edge_901	1867	0	0	0
edge_902	12886	3.72401	3.72401	0.720907
edge_903	7195	11.8487	11.8487	7.24907
edge_904	4215	15.8138	15.8138	2.04078
edge_905	19797	5.29745	5.29745	5.16921
edge_906	5309	28.6625	28.6625	1.85176
edge_907	3966	0	0	0
edge_908	13093	22.9882	22.9882	4.37018
edge_909	43336	10.0354	10.0354	17.465
edge_910	6435	8.96675	8.96675	0.978083
edge_911	10387	6.43089	6.43089	1.18563
edge_912	2636	38.7711	38.7715	1.54701
edge_913	3194	0	0	0
edge_914	23925	7.07924	7.07924	5.74572
edge_915	25814	7.97549	7.97549	6.46399
edge_916	26146	46.153	46.153	90.4488
edge_917	19214	0.060428	0.060428	0.0567876
edge_918	5765	27.0153	27.0153	9.08809
edge_919	10241	0.162818	0.162818	0.136316
edge_920	13744	23.9313	23.9313	4.04001
edge_921	3615	0	0	0
edge_922	27635	2.48776	2.48776	11.0715
edge_923	24330	32.3904	32.3904	200.316
edge_924	4601	7.28353	7.28353	2.92052
edge_925	2618	0.969611	0.969611	0.0294771
edge_926	14093	31.8453	31.8453	22.1254
edge_927	11748	22.3662	22.3662	22.7316
edge_928	16498	0.26046	0.26046	0.192635
edge_929	16873	8.74658	8.74658	5.68145
edge_930	1451	2.50423	2.505	0.342474
edge_931	3151	32.5128	32.5128	3.46989
edge_932	9129	3.29469	3.29469	3.16175
edge_933	3510	0.610119	0.610119	0.237947
edge_934	10152	8.62568	8.62577	12.8724
edge_935	1632	2.55533	2.55533	0.534759
edge_936	2119	22.9858	22.9858	3.53943
edge_937	4694	0	0	0
edge_938	5798	7.72504	7.72504	0.853226
edge_939	674	0	0	0
edge_940	17197	7.83528	7.83528	0.713982
edge_941	15822	0.414625	0.414625	0.292505
edge_942	263543	13.0575	13.0575	36.4587
edge_943	5537	0	0	0
edge_944	52574	2.82666	2.82666	1.46747
edge_945	10145	0.26073	0.26083	0.486301
edge_946	9308	12.5553	12.5553	1.2043
edge_947	49610	23.7376	23.7376	27.4889
edge_948	63611	2.55724	2.55724	1.01579
edge_949	2108	0.152707	0.152707	0.129451
edge_950	16107	6.51783	6.51783	2.63717
edge_951	576	0.988263	0.988263	0.0116267
edge_952	1.75374e+06	32.2841	32.2841	501.535
edge_953	14630	3.11733	3.11733	1.59475
edge_954	42915	3.54524	3.54524	2.91477
edge_955	50996	7.06309	7.06309	3.09285
edge_956	39873	0.321753	0.321753	0.652179
edge_957	80157	2.6147	2.6147	1.63
edge_958	3570	0.43655	0.43655	0.246057
edge_959	1.01676e+06	730.806	730.806	2004.48
edge_960	51057	5.00739	5.00739	1.74462
edge_961	39762	11.9955	11.9955	9.49521
edge_962	835956	14.9357	14.9357	15.3058
edge_963	36421	2.11362	2.11362	0.728759
edge_964	14716	3.39922	3.39922	1.03061
edge_965	7260	1.56006	1.56006	0.256572
edge_966	3390	17.1056	17.1059	2.86537
edge_967	4819	0	0	0
edge_968	4777	13.6546	13.6546	3.8492
edge_969	7304	0	0	0
edge_970	3501	15.413	15.413	1.3947
edge_971	5638	0	0	0
edge_972	9981	11.7512	11.7512	6.64927
edge_973	7694	3.54467	3.54467	0.885176
edge_974	77699	2.76515	2.76515	1.07727
edge_975	47788	3.0953	3.0953	1.30043
edge_976	4952	2.68659	2.68659	0.715538
edge_977	1195	12.2019	12.2019	0.211108
edge_978	18883	2.29926	2.29926	0.662222
edge_979	45313	5.80557	5.80557	3.85547
edge_980	1.11152e+06	104.533	104.533	148.792
edge_981	59687	2.81653	2.81653	1.76482
edge_982	65914	2.06174	2.06174	0.950768
edge_983	14378	8.9903	8.99037	8.28501
edge_984	22265	1.10753	1.10757	1.74116
edge_985	8711	2.83635	2.83635	0.214691
edge_986	15645	10.3215	10.3215	4.66924
edge_987	36314	3.82259	3.82259	2.54211
edge_988	34136	3.11628	3.11628	0.886178
edge_989	8497	9.43872	9.43872	4.96122
edge_990	13419	5.74293	5.74293	2.58
edge_991	10543	6.32984	6.32984	4.08455
edge_992	20010	2.29089	2.29089	0.406763
edge_993	50326	4.47985	4.47985	1.15506
edge_994	10342	0.377257	0.377257	0.234963
edge_995	6173	0	0	0
edge_996	18392	4.25737	4.25737	3.29461
edge_997	6568	0	0	0
edge_998	1693	4.99222	4.99287	0.00708273
edge_999	2598	0	0	0
edge_1000	89313	1.12727	1.12728	1.51518
edge_1001	9031	2.70668	2.70668	0.213389
edge_1002	27110	37.7052	37.7052	31.1596
edge_1003	15540	9.85049	9.85049	2.03391
edge_1004	8729	0	0	0
edge_1005	321907	15.2015	15.2015	15.6773
edge_1006	28083	0.00572799	0.00572799	0.00569374
edge_1007	17358	1.22298	1.22298	1.03616
edge_1008	15178	10.8275	10.8275	3.46079
edge_1009	29825	2.65533	2.65533	0.319216
edge_1010	31047	2.62003	2.62003	0.838102
edge_1011	36692	3.1998	3.1998	1.89509
edge_1012	7611	5.65018	5.65018	1.0723
edge_1013	9461	0	0	0
edge_1014	18126	1.63257	1.63257	0.47962
edge_1015	24129	3.32491	3.32491	1.7146
edge_1016	40565	27.2092	27.2092	41.0608
edge_1017	1.79909e+06	22.6505	22.6505	25.8374
edge_1018	31319	2.81408	2.81408	0.93767
edge_1019	59619	2.2107	2.2107	0.387023
edge_1020	13269	6.95731	6.95731	0.799513
edge_1021	13628	0.381733	0.381733	0.236039
edge_1022	9100	0	0	0
edge_1023	15781	2.04178	2.04184	0.609234
edge_1024	13340	2.40607	2.40607	0.689349
edge_1025	10366	2.55041	2.55041	0.251808
edge_1026	44336	4.74404	4.74404	4.14997
edge_1027	18583	2.74399	2.74399	0.507087
edge_1028	44728	1.21228	1.21228	0.368701
edge_1029	28650	2.76354	2.76354	1.0863
edge_1030	52556	7.56349	7.56349	16.3665
edge_1031	30691	9.82116	9.82116	22.0376
edge_1032	280748	25.1191	25.1191	34.0827
edge_1033	558904	46.5227	46.5227	116.881
edge_1034	88967	9.083	9.083	5.01664
edge_1035	12699	2.59622	2.59622	1.72798
edge_1036	47142	5.98642	5.98642	4.80577
edge_1037	222280	69.9785	69.9785	88.9222
edge_1038	804947	61.5102	61.5102	147.96
edge_1039	1.16736e+06	15.101	15.101	25.8039
edge_1040	181293	86.9614	86.9614	446.341
edge_1041	37332	91.9914	91.9914	447.764
edge_1042	95529	99.9717	99.9717	51.7129
edge_1043	50710	97.4346	97.4346	271.31
edge_1044	293204	87.3312	87.3312	510.921
edge_1045	185965	96.2631	96.2631	216.697
edge_1046	29009	18.3806	18.3806	16.5771
edge_1047	32111	16.032	16.032	14.4565
edge_1048	10763	14.924	14.924	5.6058
edge_1049	4238	1.76027	1.76027	2.31991
edge_1050	6426	0.272148	0.272307	0.198184
edge_1051	35716	33.0548	33.0548	17.769
edge_1052	88726	36.3538	36.3538	185.202
edge_1053	266489	31.1699	31.1699	57.1178
edge_1054	46893	21.4673	21.4674	70.7786
edge_1055	47704	21.6496	21.6496	20.2779
edge_1056	19290	9.7546	9.7546	8.22082
edge_1057	189350	8.48549	8.48549	5.55053
edge_1058	292729	4.83402	4.83402	5.83057
edge_1059	51655	6.9024	6.9024	4.3751
edge_1060	19306	7.29964	7.29964	2.4641
edge_1061	31166	8.6859	8.6859	7.07958
edge_1062	75630	4.96423	4.96423	5.97297
edge_1063	110809	12.5928	12.5928	20.3493
edge_1064	790047	15.1694	15.1694	15.902
edge_1065	24377	8.8001	8.8001	28.2742
edge_1066	12510	1.47799	1.47799	0.647461
edge_1067	17861	9.69516	9.69516	4.09464
edge_1068	49609	8.1015	8.1015	5.69663
edge_1069	63178	11.4324	11.4324	14.0791
edge_1070	26280	7.69767	7.69767	9.96544
edge_1071	203734	7.84774	7.84774	8.229
edge_1072	116610	8.88475	8.88475	7.31173
edge_1073	529197	14.8706	14.8706	17.4131
edge_1074	23763	12.0825	12.0825	17.2768
edge_1075	220780	95.0065	95.0065	251.554
edge_1076	186825	92.0898	92.0898	330.838
edge_1077	16935	37.3781	37.3781	9.75473
edge_1078	21862	28.4364	28.4364	64.6693
edge_1079	100667	6.60889	6.60889	9.25687
edge_1080	2.94688e+06	16.7465	16.7465	16.6578
edge_1081	27194	6.89842	6.89842	2.80026
edge_1082	13727	7.97157	7.97157	2.08024
edge_1083	15875	6.88191	6.88191	10.4344
edge_1084	38743	6.14189	6.14189	6.0196
edge_1085	4071	0	0	0
edge_1086	15132	6.59178	6.59178	6.57558
edge_1087	46677	7.50048	7.50048	5.14554
edge_1088	256248	12.6068	12.6068	31.7586
edge_1089	374246	14.6846	14.6846	18.1219
edge_1090	422220	14.9138	14.9138	16.9997
edge_1091	192199	14.8116	14.8116	13.08
edge_1092	16998	15.0205	15.0205	2.21506
edge_1093	293297	14.2731	14.2731	16.8724
edge_1094	105384	7.27045	7.27045	4.87275
edge_1095	108558	7.30591	7.30591	5.69414
edge_1096	24548	8.53599	8.53599	12.9136
edge_1097	53844	3.61327	3.61327	2.83858
edge_1098	22116	14.2553	14.2553	61.8907
edge_1099	271539	41.9115	41.9115	139.645
edge_1100	74452	13.5001	13.5001	37.9853
edge_1101	13076	21.2281	21.2281	19.5192
edge_1102	10470	11.2331	11.2331	6.39118
edge_1103	327696	13.7604	13.7604	29.0076
edge_1104	11797	5.07908	5.07908	7.00473
edge_1105	389647	12.8376	12.8376	28.9288
edge_1106	24731	18.2983	18.2983	80.9714
edge_1107	57301	23.9151	23.9151	16.6262
edge_1108	18298	6.80984	6.80984	2.20251
edge_1109	4794	25.8267	25.8267	1.24575
edge_1110	26089	11.5683	11.5683	29.4106
edge_1111	9281	13.4543	13.4543	2.18969
edge_1112	35770	12.6596	12.6596	25.1788
edge_1113	119115	5.98901	5.98901	5.61279
edge_1114	53308	6.82283	6.82283	13.1297
edge_1115	9736	29.338	29.338	7.12616
edge_1116	33483	12.3898	12.3898	3.47811
edge_1117	6545	0.501798	0.501798	0.25005
edge_1118	20338	7.16272	7.16272	1.29789
edge_1119	93416	7.90291	7.90291	7.70269
edge_1120	44629	7.142	7.142	6.79299
edge_1121	114437	77.5712	77.5712	518.951
edge_1122	39469	16.8801	16.8801	15.496
edge_1123	19385	7.69036	7.69036	4.7031
edge_1124	46218	19.1628	19.1628	6.16525
edge_1125	6554	2.76234	2.76234	1.85585
edge_1126	38293	3.58273	3.58273	2.40101
edge_1127	25175	10.9262	10.9262	40.2206
edge_1128	173135	44.7898	44.7898	101.994
edge_1129	625201	22.587	22.587	59.5493
edge_1130	166079	14.0865	14.0865	13.6873
edge_1131	3421	0	0	0
edge_1132	81465	7.8107	7.8107	25.3604
edge_1133	203395	19.0061	19.0061	19.3043
edge_1134	55941	90.862	90.862	164.05
edge_1135	22803	98.8146	98.8146	39.032
edge_1136	27931	29.2854	29.2854	38.0526
edge_1137	46855	1.31403	1.31403	1.14709
edge_1138	19660	1.66858	1.66858	1.07621
edge_1139	13633	4.75829	4.75829	3.21115
edge_1140	14851	16.503	16.503	11.9541
edge_1141	22135	5.7401	5.7401	1.91212
edge_1142	11874	7.9159	7.9159	8.93997
edge_1143	163747	13.4993	13.4993	10.9277
edge_1144	5722	36.9167	36.9169	4.13369
edge_1145	25932	11.6761	11.6761	17.2186
edge_1146	14372	5.31634	5.31634	6.76177
edge_1147	28371	22.7055	22.7055	10.3277
edge_1148	3548	3.83608	3.83608	0.168296
edge_1149	50399	4.91785	4.91785	4.4208
edge_1150	13735	16.1079	16.1079	1.52414
